%YAML:1.0
---
left_checkRange: 1
left_cameraMatrix: !!opencv-matrix
   rows: 3
   cols: 3
   dt: d
   data: [ 2.0669986833166176e+03, 0., 9.4772775407079257e+02, 0.,
       2.0231439745476216e+03, 5.2970787156307370e+02, 0., 0., 1. ]
left_distCoeffs: !!opencv-matrix
   rows: 1
   cols: 5
   dt: d
   data: [ -1.2499362371494276e+00, 3.1692407270949013e-01,
       -6.0298119870469159e-03, -1.3214114200454780e-02,
       -1.5992572953250607e-02 ]
left_rotationVectors: !!opencv-matrix
   rows: 4
   cols: 1
   dt: "3d"
   data: [ 8.5564738583704211e-02, -9.9758500815175455e-02,
       -1.5119632046557165e+00, -9.6806214707216814e-02,
       -9.5619009568562355e-02, 1.6243405240314235e+00,
       7.9491167117230213e-02, -1.0045633559439814e-01,
       -1.5137323403401102e+00, -9.7666103471064886e-02,
       -7.5400345082762582e-02, 1.6244405601584215e+00 ]
left_translationVectors: !!opencv-matrix
   rows: 4
   cols: 1
   dt: "3d"
   data: [ -4.9438478297081714e-02, 1.3360657174024935e-02,
       1.5923394725793688e-01, 5.1920207977741828e-02,
       -2.0884677832112748e-02, 1.7198482753261499e-01,
       -4.9389357346151581e-02, 1.3457291157842024e-02,
       1.5964591489318847e-01, 3.2068214548984807e-02,
       -2.1998153096172746e-02, 1.6933027405091711e-01 ]
left_rms: 1.0604950235741359e+00
right_checkRange: 1
right_cameraMatrix: !!opencv-matrix
   rows: 3
   cols: 3
   dt: d
   data: [ 1.6944884837562570e+03, 0., 7.3217477336962622e+02, 0.,
       1.8484865323196061e+03, 5.8485091460561011e+02, 0., 0., 1. ]
right_distCoeffs: !!opencv-matrix
   rows: 1
   cols: 5
   dt: d
   data: [ -1.3368917776345097e+00, 4.9555747420293417e-01,
       -1.4663350945903779e-02, 1.2316254179235370e-02,
       -5.6002343800678540e-02 ]
right_rotationVectors: !!opencv-matrix
   rows: 4
   cols: 1
   dt: "3d"
   data: [ 9.0075657860999789e-02, -1.6324679010631626e-01,
       -1.5195576949551362e+00, 8.0743019428865220e-02,
       -1.5820612467744738e-01, -1.5201149610287923e+00,
       8.4132308403567321e-02, -1.5428107851562028e-01,
       -1.5211380716245448e+00, 8.3468302884143530e-02,
       -1.5893059150559813e-01, -1.5203951229001926e+00 ]
right_translationVectors: !!opencv-matrix
   rows: 4
   cols: 1
   dt: "3d"
   data: [ -8.7165673018351444e-02, 1.3927870352074172e-02,
       1.4870053219363827e-01, -8.7157061093573740e-02,
       1.4004239683111755e-02, 1.4883821662126184e-01,
       -8.7130150646965457e-02, 1.4054278272993504e-02,
       1.4902187830921065e-01, -8.7183592225100373e-02,
       1.3993956182603254e-02, 1.4898830945504513e-01 ]
right_rms: 1.0019841636891362e+00
cameraMatrixLeft: !!opencv-matrix
   rows: 3
   cols: 3
   dt: d
   data: [ 2.0669986833166176e+03, 0., 9.4772775407079257e+02, 0.,
       2.0231439745476216e+03, 5.2970787156307370e+02, 0., 0., 1. ]
distCoeffsLeft: !!opencv-matrix
   rows: 1
   cols: 5
   dt: d
   data: [ -1.2499362371494276e+00, 3.1692407270949013e-01,
       -6.0298119870469159e-03, -1.3214114200454780e-02,
       -1.5992572953250607e-02 ]
cameraMatrixRight: !!opencv-matrix
   rows: 3
   cols: 3
   dt: d
   data: [ 1.6944884837562570e+03, 0., 7.3217477336962622e+02, 0.,
       1.8484865323196061e+03, 5.8485091460561011e+02, 0., 0., 1. ]
distCoeffsRight: !!opencv-matrix
   rows: 1
   cols: 5
   dt: d
   data: [ -1.3368917776345097e+00, 4.9555747420293417e-01,
       -1.4663350945903779e-02, 1.2316254179235370e-02,
       -5.6002343800678540e-02 ]
rotationMatrix: !!opencv-matrix
   rows: 3
   cols: 3
   dt: d
   data: [ 5.1513584168335202e-01, -7.3161315156781337e-01,
       4.4651680938817545e-01, 7.6638304222885079e-01,
       1.5989901893778155e-01, -6.2216503946042045e-01,
       3.8378652555455345e-01, 6.6270242205362939e-01,
       6.4306562853803451e-01 ]
translationVector: !!opencv-matrix
   rows: 3
   cols: 1
   dt: d
   data: [ 7.3537158363243238e-05, -4.2301998406620370e-04,
       1.0973309007870947e-03 ]
essentialMatrix: !!opencv-matrix
   rows: 3
   cols: 3
   dt: d
   data: [ -1.0033251640018499e-03, -4.5579850250372948e-04,
       4.1069131125165892e-04, 5.3705190667472681e-04,
       -8.5155497159585653e-04, 4.4268747369874607e-04,
       2.7427038668410912e-04, -2.9772846424108663e-04,
       1.4313328455780368e-04 ]
fundamentalMatrix: !!opencv-matrix
   rows: 3
   cols: 3
   dt: d
   data: [ 6.1582659820301953e-07, 2.8582686238387296e-07,
       -1.2560823623839305e-03, -3.0217277399297758e-07,
       4.8951405697270351e-07, -4.8776692792226094e-04,
       -5.5942234191573331e-04, -1.7920245510687579e-04, 1. ]
R1: !!opencv-matrix
   rows: 3
   cols: 3
   dt: d
   data: [ 8.8133756499964100e-01, -4.4739364712858087e-01,
       1.5193097455585020e-01, 1.1442107039068514e-01,
       5.1408068485266833e-01, 8.5007580139188843e-01,
       -4.5842329257047282e-01, -7.3181963212966505e-01,
       5.0426987899184328e-01 ]
R2: !!opencv-matrix
   rows: 3
   cols: 3
   dt: d
   data: [ 8.4916737852631963e-01, 5.0937821826033569e-01,
       1.3945821599555930e-01, 6.2407338972417348e-02,
       -3.5899607933343342e-01, 9.3125030956537402e-01,
       5.2442357621403723e-01, -7.8208416796732882e-01,
       -3.3663669872093710e-01 ]
P1: !!opencv-matrix
   rows: 3
   cols: 4
   dt: d
   data: [ 1.8807435835364372e+03, 0., -5.2185534973144531e+03, 0., 0.,
       1.8807435835364372e+03, -2.8666440124511719e+03, 0., 0., 0., 1.,
       0. ]
P2: !!opencv-matrix
   rows: 3
   cols: 4
   dt: d
   data: [ 1.8807435835364372e+03, 0., -5.2185534973144531e+03, 0., 0.,
       1.8807435835364372e+03, -2.8666440124511719e+03,
       2.2161582438934029e+00, 0., 0., 1., 0. ]
Q: !!opencv-matrix
   rows: 4
   cols: 4
   dt: d
   data: [ 1., 0., 0., 5.2185534973144531e+03, 0., 1., 0.,
       2.8666440124511719e+03, 0., 0., 0., 1.8807435835364372e+03, 0.,
       0., -8.4865040153102927e+02, 0. ]
