%YAML:1.0
---
left_checkRange: 1
left_cameraMatrix: !!opencv-matrix
   rows: 3
   cols: 3
   dt: d
   data: [ 1.5602807986381774e+03, 0., 9.1367942545068115e+02, 0.,
       1.5599984088065867e+03, 5.8288444771235982e+02, 0., 0., 1. ]
left_distCoeffs: !!opencv-matrix
   rows: 1
   cols: 5
   dt: d
   data: [ -4.7851658323083648e-02, 2.3006606233863122e-01,
       4.3757867751815924e-04, 1.5778067273522413e-04,
       -2.7090247215649998e-01 ]
left_rotationVectors: !!opencv-matrix
   rows: 24
   cols: 1
   dt: "3d"
   data: [ 9.8419006616453045e-02, 6.2040968825958567e-03,
       -2.1926622520530372e-02, 1.3074240503752754e-01,
       1.1842777752773367e-01, 6.1038723539076451e-03,
       9.1553291588405167e-02, 5.4825068287568994e-02,
       1.3026358204223931e-02, 7.1135932970479002e-02,
       6.1756205217908281e-03, -1.5030573832968921e-02,
       6.1500071372895537e-02, 1.7736821343630779e-01,
       -2.2186584630789537e-02, 4.2957749444568129e-02,
       1.7224013018258696e-01, -4.5962756691449530e-02,
       3.5407454842981821e-02, 2.1278033349805911e-01,
       -5.9318498412808590e-02, 3.6155332183214720e-02,
       1.2922313597387583e-01, -3.5077760157618508e-02,
       2.6665419956574284e-02, 6.2869956357830103e-02,
       -2.2510181928418201e-02, 1.4315591484038754e-02,
       6.6996819244109617e-03, -7.0483253610985749e-03,
       5.3569520948829052e-02, 7.6432489813511679e-03,
       6.3317380333330221e-03, 7.9975645901586248e-02,
       4.0215907949010428e-02, 3.4973096519392375e-03,
       8.0614357008919668e-02, 7.0681063324462473e-02,
       -3.4357184756608223e-03, 6.6270352322787329e-02,
       9.9797829204201022e-02, -4.1012240198086802e-02,
       2.1300685938890496e-02, 7.5142847808436419e-03,
       -5.6704340097282674e-02, 6.2778357907124945e-03,
       1.8498833089643722e-02, -2.1562691056668644e-02,
       -3.9033186418814527e-03, 4.5149960598377475e-02,
       -3.8350613916863182e-03, 3.0414501989842299e-03,
       1.3792189772859880e-02, -2.0406339086089471e-02,
       -3.9072139383557392e-01, 2.1377181764540509e-01,
       -2.0310857044524783e-01, -4.3740648770354035e-01,
       -3.5034676268768605e-01, 1.5173832350910671e-01,
       3.4471269115066477e-01, 4.1822224785333106e-01,
       -1.5695950186208677e-02, 2.7078274657404061e-01,
       -1.5128721858742383e-01, 9.3873772188400095e-02,
       -2.0984081775709262e-02, 5.4430848792387222e-02,
       -4.0369031997277083e-04, -8.5063735744504390e-02,
       7.6955695507418126e-02, -1.6225939117449340e-02 ]
left_translationVectors: !!opencv-matrix
   rows: 24
   cols: 1
   dt: "3d"
   data: [ -4.1671838714124982e+02, -2.2702385171274574e+02,
       8.5313852482848279e+02, -1.8174381637772029e+02,
       -2.6591724458999545e+02, 8.6185651212389632e+02,
       -9.4706244055899631e+01, -2.2106830120727756e+02,
       7.9125638561312940e+02, 9.4412273531227431e+00,
       -2.0101041496113751e+02, 6.9566544784850134e+02,
       1.4579378737032573e+02, -1.8568888796380926e+02,
       7.3034125253680600e+02, 1.0567184044844055e+02,
       -9.0438085354920176e+01, 7.2146614918663306e+02,
       7.5874257768942442e+01, 7.9264170063348249e+00,
       7.1128630998141932e+02, -9.3504721688022514e+01,
       1.8501402201741001e+01, 7.1311531339034150e+02,
       -2.2963844289288716e+02, 2.7667650079606876e+01,
       6.9830806186720088e+02, -3.0837402590610668e+02,
       2.8748440992220072e+01, 6.7416734534707814e+02,
       -2.9752173530577045e+02, -4.8209919048020481e+01,
       6.7480701058139562e+02, -2.1931012434392971e+02,
       -7.4063667155150227e+01, 6.7475088294573266e+02,
       -1.0803596651607621e+02, -7.8471015352058714e+01,
       6.6807449955744892e+02, -6.7933897590063621e+00,
       -7.2482817137071677e+01, 6.4674303180231436e+02,
       -8.7934892274291968e+01, -7.8620411757149739e+01,
       3.4109071223233241e+02, -8.2739923502970754e+01,
       -8.1652784773050996e+01, 3.5281017428226983e+02,
       -4.9992980807671735e+01, -8.1170084003681495e+01,
       3.6373885279867471e+02, -1.0881870426973612e+02,
       -8.1574930700601826e+01, 3.5733845488742043e+02,
       -8.6871159575365937e+01, -5.3575321386176597e+01,
       5.6671088667403274e+02, -5.4755958328212373e+01,
       -1.2785845753373970e+02, 5.8227232977975882e+02,
       -5.9323041003120451e+01, -1.1331691908892745e+02,
       5.0721136369715936e+02, -1.3468892284028354e+02,
       -1.1398035178966097e+02, 4.6806233095121570e+02,
       -7.4769433241254347e+01, -8.1405755719472111e+01,
       4.5274677219000989e+02, -1.0250028382056686e+02,
       -8.4750747106981649e+01, 7.0165899261768743e+02 ]
left_rms: 4.2921561272889308e-01
right_checkRange: 1
right_cameraMatrix: !!opencv-matrix
   rows: 3
   cols: 3
   dt: d
   data: [ 1.5516054371970281e+03, 0., 9.4966221398689709e+02, 0.,
       1.5513736991949982e+03, 5.4771567702202958e+02, 0., 0., 1. ]
right_distCoeffs: !!opencv-matrix
   rows: 1
   cols: 5
   dt: d
   data: [ -5.1898255909709250e-02, 2.4998230111853995e-01,
       -5.3379364124921125e-04, 9.3801136904491593e-04,
       -2.8053505633410181e-01 ]
right_rotationVectors: !!opencv-matrix
   rows: 24
   cols: 1
   dt: "3d"
   data: [ 7.9542713797861306e-02, 2.4525448469903581e-03,
       -2.3198685185392809e-02, 1.1407322703483566e-01,
       1.1177159335094951e-01, 4.9898177751444284e-03,
       8.3059665070580380e-02, 4.2250017960814630e-02,
       1.1168184295420719e-02, 5.6292744294845092e-02,
       -5.8118508191950498e-03, -1.6856354153456935e-02,
       4.1103240913547084e-02, 1.6368308433761411e-01,
       -2.4343618809960922e-02, 2.4873340408717502e-02,
       1.6666177825278811e-01, -4.8034136374226793e-02,
       2.4401080547549948e-02, 2.0649969733432549e-01,
       -6.2781820766462826e-02, 2.0690568324553689e-02,
       1.1977032452270431e-01, -3.7317453424124909e-02,
       1.0119930480554049e-02, 5.0940326058109130e-02,
       -2.4184616032234447e-02, -1.9825260579530383e-03,
       -9.1049300650962258e-05, -8.8396112383844379e-03,
       3.6705163367455829e-02, -3.9036221175913827e-04,
       4.8404457985468516e-03, 6.3714032245375765e-02,
       2.8860222925523722e-02, 2.2967569117598769e-03,
       6.6945548354792744e-02, 5.9975698255972827e-02,
       -4.9544316309668409e-03, 5.8542865330959266e-02,
       9.0967142828426675e-02, -4.3425531928293772e-02,
       8.6742796147815833e-03, -3.0054667478308672e-03,
       -5.8345867953660785e-02, -6.2487524069378530e-03,
       1.0122823845993877e-02, -2.3171518345909203e-02,
       -1.6406634487899020e-02, 3.4919853504652126e-02,
       -5.9235735776607713e-03, -1.0289971189688853e-02,
       2.9547813521395936e-03, -2.2123333540976255e-02,
       -4.0156084005420628e-01, 2.0399898738132269e-01,
       -2.0807613594198640e-01, -4.5158736231294766e-01,
       -3.5948055412971092e-01, 1.5021522978507948e-01,
       3.3154699563395151e-01, 4.0747896739278067e-01,
       -1.8420472501039172e-02, 2.5969541383949896e-01,
       -1.5987233023029984e-01, 9.4770088702229818e-02,
       -3.3846325088757345e-02, 4.5513888543727885e-02,
       -2.3835193464237631e-03, -9.4644973145460498e-02,
       6.9965765154493348e-02, -1.8411310553889962e-02 ]
