%YAML:1.0
---
left_checkRange: 1
left_cameraMatrix: !!opencv-matrix
   rows: 3
   cols: 3
   dt: d
   data: [ 1.5628049180403198e+03, 0., 8.9336364132171514e+02, 0.,
       1.5624312119923288e+03, 5.8015464526841208e+02, 0., 0., 1. ]
left_distCoeffs: !!opencv-matrix
   rows: 1
   cols: 5
   dt: d
   data: [ -4.8729924461783251e-02, 1.8654570546696306e-01,
       -3.9141262856233553e-04, -1.3411207372999541e-03,
       -1.8375923691308027e-01 ]
left_rotationVectors: !!opencv-matrix
   rows: 15
   cols: 1
   dt: "3d"
   data: [ -6.1509582385589824e-02, -1.0385370515080908e-01,
       -2.2460580658537965e-02, -3.8800296834178266e-02,
       4.1918335986913420e-02, 2.2249136661935759e-02,
       -1.8779784007461352e-02, 1.4394122172421597e-01,
       2.5860165283766511e-02, -2.0154725944398069e-01,
       1.7055096140880821e-01, -1.7595346598486709e-02,
       -2.3124578301590623e-01, 2.5949368398402298e-02,
       2.2125123971124356e-03, -2.1403047131664454e-01,
       -2.0143329912758290e-01, -2.6862971347036226e-02,
       -1.4028891864795104e-01, -1.4982650571372078e-01,
       -1.6387960389848744e-02, -1.2687907341026552e-01,
       1.4191900239610347e-01, 3.9672959625515767e-03,
       -1.1647849003043564e-01, 9.3879117716207765e-03,
       9.0647135751889332e-03, -2.8094024003256740e-01,
       -1.8914897878610021e-01, -7.1605719780227048e-02,
       -2.9593342128098282e-01, 3.0864012256047312e-02,
       2.9467821301293023e-02, -2.9525805765341978e-01,
       2.6283905888407261e-01, -1.6716759886563778e-02,
       -4.5691460431341056e-02, 2.5577279730380281e-01,
       -1.7528023154649595e-02, -1.3913206689094950e-02,
       4.4407126098236799e-02, -4.1123114298724298e-02,
       -1.9185988144097305e-02, -2.1332700962691331e-01,
       -5.2173715797844987e-02 ]
left_translationVectors: !!opencv-matrix
   rows: 15
   cols: 1
   dt: "3d"
   data: [ -1.9853072386058676e+02, -1.5230288374712364e+02,
       5.3225485945638229e+02, -6.4466535888307178e+01,
       -1.5739292769861586e+02, 5.5274970333189572e+02,
       7.4224235865733149e+01, -1.3259050747714218e+02,
       5.2944430089376465e+02, 8.8314795147798819e+01,
       -1.6138677325192880e+01, 5.8325287578094151e+02,
       -8.7621109130703427e+00, 2.9959884125683338e+00,
       6.0170647084907614e+02, -1.8429361246106626e+02,
       -1.1823350214910565e+01, 5.8295499439229991e+02,
       -1.5737551450159279e+02, -6.7747437241423867e+01,
       5.8524012545290213e+02, 3.6782501556715069e+01,
       -7.0361503104178396e+01, 5.9723216181351142e+02,
       -4.2131893735234051e+01, -8.1753404172983437e+01,
       5.9393360177756756e+02, -2.4590324487828053e+02,
       2.6130901132124919e+01, 7.6107451073908521e+02,
       -2.7169111255178947e+01, 4.1966139510198573e+01,
       7.8795185737775637e+02, 1.5224517131714660e+02,
       4.1501558135004458e+01, 7.5787536901397027e+02,
       1.2514197966691034e+02, -1.4789998502252990e+02,
       6.6468000620361079e+02, -3.0158053013024407e+01,
       -1.7354852885903796e+02, 6.6309385938968990e+02,
       -2.2225262829098861e+02, -1.7252441632793887e+02,
       6.3029590139670267e+02 ]
left_rms: 2.7745521030087322e-01
right_checkRange: 1
right_cameraMatrix: !!opencv-matrix
   rows: 3
   cols: 3
   dt: d
   data: [ 1.5506883413265020e+03, 0., 9.2235300356446180e+02, 0.,
       1.5504063617662855e+03, 5.4991861205477869e+02, 0., 0., 1. ]
right_distCoeffs: !!opencv-matrix
   rows: 1
   cols: 5
   dt: d
   data: [ -5.6912153174509462e-02, 2.5530400399294573e-01,
       -9.6122865936301444e-04, -2.4836101433904660e-03,
       -3.1743470373233473e-01 ]
right_rotationVectors: !!opencv-matrix
   rows: 15
   cols: 1
   dt: "3d"
   data: [ -7.2438454493060925e-02, -1.1077524988208341e-01,
       -2.3027423910056400e-02, -4.9356428622736551e-02,
       3.4407229903898780e-02, 2.0322884799402731e-02,
       -3.1230986031904818e-02, 1.3704575973541352e-01,
       2.2976281027275933e-02, -2.1529152646950611e-01,
       1.6352949739920203e-01, -2.1114095366237512e-02,
       -2.4193657242812558e-01, 2.0371938620800605e-02,
       -6.6094094707436039e-04, -2.2741418486268941e-01,
       -2.1200182670742618e-01, -2.7843083636063012e-02,
       -1.4888883017457982e-01, -1.5811564249637500e-01,
       -1.7287065233994463e-02, -1.3924672260475604e-01,
       1.3632062389106342e-01, 1.0068080308802425e-03,
       -1.2642666226284532e-01, 1.7765782304686318e-03,
       6.8676133922917267e-03, -2.9235583835706147e-01,
       -2.0043481706245941e-01, -7.2774991789123875e-02,
       -3.0952171462525330e-01, 2.7111059506794592e-02,
       2.6497647283484534e-02, -3.0610227271290436e-01,
       2.5786849116580501e-01, -2.1278433165024379e-02,
       -5.6088180415489602e-02, 2.4935730265586431e-01,
       -2.0914935757162609e-02, -2.2292102697214256e-02,
       3.5281071719015400e-02, -4.3199874697803488e-02,
       -2.9562609689606976e-02, -2.2336247460385616e-01,
       -5.2652647674864883e-02 ]
right_translationVectors: !!opencv-matrix
   rows: 15
   cols: 1
   dt: "3d"
   data: [ -2.6201262354135935e+02, -1.4530784794473399e+02,
       5.2676414985980864e+02, -1.2815151911063029e+02,
       -1.5029507843943887e+02, 5.4827602227830869e+02,
       1.0648691476140449e+01, -1.2593731691146256e+02,
       5.2616327068054943e+02, 2.4440200846108535e+01,
       -8.8094479577767277e+00, 5.7782260762154669e+02,
       -7.2493186628135476e+01, 1.0749438686080875e+01,
       5.9545906363485858e+02, -2.4783993053113352e+02,
       -4.1515892144136926e+00, 5.7465326254044942e+02,
       -2.2109710789573802e+02, -6.0057368040198952e+01,
       5.7813395230455637e+02, -2.7055859028891398e+01,
       -6.2808856379109564e+01, 5.9230156398014287e+02,
       -1.0601128510850161e+02, -7.4128822620034086e+01,
       5.8803577987603740e+02, -3.1070042117563156e+02,
       3.6148466474590656e+01, 7.4982242726339825e+02,
       -9.2101900244529517e+01, 5.2182354089438384e+01,
       7.7936733077297299e+02, 8.7691393996276858e+01,
       5.0974879551300369e+01, 7.5079816089592873e+02,
       6.0817951948938507e+01, -1.3968723413208511e+02,
       6.6065874625477556e+02, -9.4642752706992141e+01,
       -1.6510184740832256e+02, 6.5779987976372968e+02,
       -2.8642353575005029e+02, -1.6414382161323562e+02,
       6.2326688265811129e+02 ]
right_rms: 2.6936026427375764e-01
cameraRms: 2.8205327641196609e-01
cameraMatrixLeft: !!opencv-matrix
   rows: 3
   cols: 3
   dt: d
   data: [ 1.5628049180403198e+03, 0., 8.9336364132171514e+02, 0.,
       1.5624312119923288e+03, 5.8015464526841208e+02, 0., 0., 1. ]
distCoeffsLeft: !!opencv-matrix
   rows: 1
   cols: 5
   dt: d
   data: [ -4.8729924461783251e-02, 1.8654570546696306e-01,
       -3.9141262856233553e-04, -1.3411207372999541e-03,
       -1.8375923691308027e-01 ]
cameraMatrixRight: !!opencv-matrix
   rows: 3
   cols: 3
   dt: d
   data: [ 1.5506883413265020e+03, 0., 9.2235300356446180e+02, 0.,
       1.5504063617662855e+03, 5.4991861205477869e+02, 0., 0., 1. ]
distCoeffsRight: !!opencv-matrix
   rows: 1
   cols: 5
   dt: d
   data: [ -5.6912153174509462e-02, 2.5530400399294573e-01,
       -9.6122865936301444e-04, -2.4836101433904660e-03,
       -3.1743470373233473e-01 ]
rotationMatrix: !!opencv-matrix
   rows: 3
   cols: 3
   dt: d
   data: [ 9.9995825464643318e-01, 1.6487766395733910e-03,
       -8.9872409588229538e-03, -1.5199372752832301e-03,
       9.9989625338430332e-01, 1.4323835335282977e-02,
       9.0099253680789426e-03, -1.4309577339177202e-02,
       9.9985701839874874e-01 ]
translationMatrix: !!opencv-matrix
   rows: 3
   cols: 1
   dt: d
   data: [ -5.9740446775900324e+01, 4.2759246918932757e-02,
       1.1592575675666037e+00 ]
