%YAML:1.0
---
left_checkRange: 1
left_cameraMatrix: !!opencv-matrix
   rows: 3
   cols: 3
   dt: d
   data: [ 1.4058129827642613e+03, 0., 9.8608634126882259e+02, 0.,
       1.3990188753696152e+03, 5.7885803810488926e+02, 0., 0., 1. ]
left_distCoeffs: !!opencv-matrix
   rows: 1
   cols: 5
   dt: d
   data: [ -3.3729241779976160e-02, 1.2138125981306526e-01,
       8.7630520251808658e-04, 2.8425987596110949e-03,
       -1.0592186207066830e-01 ]
left_rotationVectors: !!opencv-matrix
   rows: 9
   cols: 1
   dt: "3d"
   data: [ 8.9945891816513676e-02, 1.3125069435193723e-01,
       2.8302314168040070e-02, 9.9663435725725585e-02,
       1.4110180648270279e-01, 2.7789423743476649e-02,
       8.2761541754904064e-02, 2.6348748628640878e-01,
       2.3888385987408552e-02, 8.5954023495142487e-02,
       2.0259739315648545e-01, -8.9563896683110609e-04,
       2.3113592705085267e-02, 1.3997286137125864e-01,
       -5.8897496279892901e-02, 1.2500213629735853e-02,
       2.0849798995815971e-01, -6.1641126781133239e-02,
       2.9307340042308568e-02, 3.0887313670823563e-01,
       -5.4412329092739749e-02, 6.8120069820003792e-02,
       3.6483486146608696e-01, -6.0470702003368251e-02,
       2.0728965305089341e-02, 2.0265466974526730e-01,
       -4.3461160096132337e-02 ]
left_translationVectors: !!opencv-matrix
   rows: 9
   cols: 1
   dt: "3d"
   data: [ -2.7858353601838121e+02, -1.6861700363200222e+02,
       6.9241964990080692e+02, -1.7123391571810359e+02,
       -1.7565525736446492e+02, 6.4643325809601936e+02,
       3.9666685615146569e+01, -1.5950587959923368e+02,
       6.4566261578632214e+02, -7.1164289980145568e+01,
       -1.5824483060172724e+02, 6.2807331243003955e+02,
       -2.4155080800964902e+02, -1.2027407293407411e-01,
       6.3080652333246758e+02, -1.3678615296262439e+02,
       2.1381076433410544e+00, 6.4033832018958481e+02,
       3.3097975541532975e+01, -1.3814095593359413e+01,
       6.5437038174890927e+02, 4.9589048144306076e+01,
       -7.3705170064252684e+01, 7.7021042897311270e+02,
       -1.7931084473322008e+02, -5.8271930127137473e+01,
       7.3686039014803146e+02 ]
left_rms: 9.8056293598030730e-01
right_checkRange: 1
right_cameraMatrix: !!opencv-matrix
   rows: 3
   cols: 3
   dt: d
   data: [ 1.4038891414944835e+03, 0., 1.0088711145187505e+03, 0.,
       1.3989459106303179e+03, 5.5404764799694203e+02, 0., 0., 1. ]
right_distCoeffs: !!opencv-matrix
   rows: 1
   cols: 5
   dt: d
   data: [ -5.8005204764686721e-02, 1.5317788471708416e-01,
       1.2972967281116377e-03, -7.4662065378147831e-04,
       -1.0559683753791838e-01 ]
right_rotationVectors: !!opencv-matrix
   rows: 9
   cols: 1
   dt: "3d"
   data: [ 5.5552966879046532e-02, 1.0862203025746528e-01,
       2.9178906440554937e-02, 6.3415007375770702e-02,
       1.0997879201169948e-01, 2.9128389173560604e-02,
       4.6024601515548318e-02, 2.1881092934693894e-01,
       2.5599588358224123e-02, 6.1611021027618292e-02,
       1.5801406254373285e-01, 4.9009852837234350e-04,
       9.0892232309837066e-03, 1.1220788516054701e-01,
       -6.0578502634613673e-02, -2.4712938352598858e-03,
       1.6025855230777131e-01, -6.3333143428374372e-02,
       1.2013040505219690e-02, 2.5118895553788795e-01,
       -5.3771749140526279e-02, 5.2145922670571061e-02,
       3.0071674690278788e-01, -6.0515618362111105e-02,
       7.3070946737367173e-04, 1.5548143340122597e-01,
       -4.4923360747204426e-02 ]
right_translationVectors: !!opencv-matrix
   rows: 9
   cols: 1
   dt: "3d"
   data: [ -3.9825798452314177e+02, -1.6319135819201503e+02,
       5.8032900951198212e+02, -2.8816858496772625e+02,
       -1.7090561518318219e+02, 5.4234143246203359e+02,
       -7.8766827657547964e+01, -1.5474830913783845e+02,
       5.4263280859803001e+02, -1.8707909402644242e+02,
       -1.5363901453015248e+02, 5.2613628532065695e+02,
       -3.5574759403586722e+02, 5.0170646120247300e+00,
       5.2603070801496904e+02, -2.5274329487010618e+02,
       7.1694563060026635e+00, 5.3328880522082227e+02,
       -8.5909401649825995e+01, -9.2430194035558593e+00,
       5.4821766639329883e+02, -8.0140252281404543e+01,
       -6.7926539197564836e+01, 6.4499996790436205e+02,
       -3.0363567351569526e+02, -5.2478848608357893e+01,
       6.1457105482708630e+02 ]
right_rms: 1.1485486387859927e+00
cameraRms: 1.0930096148173911e+00
cameraMatrixLeft: !!opencv-matrix
   rows: 3
   cols: 3
   dt: d
   data: [ 1.4058129827642613e+03, 0., 9.8608634126882259e+02, 0.,
       1.3990188753696152e+03, 5.7885803810488926e+02, 0., 0., 1. ]
distCoeffsLeft: !!opencv-matrix
   rows: 1
   cols: 5
   dt: d
   data: [ -3.3729241779976160e-02, 1.2138125981306526e-01,
       8.7630520251808658e-04, 2.8425987596110949e-03,
       -1.0592186207066830e-01 ]
cameraMatrixRight: !!opencv-matrix
   rows: 3
   cols: 3
   dt: d
   data: [ 1.4038891414944835e+03, 0., 1.0088711145187505e+03, 0.,
       1.3989459106303179e+03, 5.5404764799694203e+02, 0., 0., 1. ]
distCoeffsRight: !!opencv-matrix
   rows: 1
   cols: 5
   dt: d
   data: [ -5.8005204764686721e-02, 1.5317788471708416e-01,
       1.2972967281116377e-03, -7.4662065378147831e-04,
       -1.0559683753791838e-01 ]
rotationMatrix: !!opencv-matrix
   rows: 3
   cols: 3
   dt: d
   data: [ 9.9998117916680951e-01, 1.5228203948051766e-03,
       -5.9432592239013820e-03, -1.4547230596155245e-03,
       9.9993344035912124e-01, 1.1445463397847988e-02,
       5.9602930277920319e-03, -1.1436602188448304e-02,
       9.9991683606058257e-01 ]
translationVector: !!opencv-matrix
   rows: 3
   cols: 1
   dt: d
   data: [ -6.0001491601412972e+01, -3.4920605420422296e-01,
       2.3314014104111682e+00 ]
essentialMatrix: !!opencv-matrix
   rows: 3
   cols: 3
   dt: d
   data: [ 1.3101729828090872e-03, -2.3272525024468158e+00,
       -3.7586098236163912e-01, 2.6889840035431467e+00,
       -6.8266288454263047e-01, 5.9982645518063435e+01,
       4.3648503529923033e-01, -5.9996966145578462e+01,
       -6.8882029804294709e-01 ]
fundamentalMatrix: !!opencv-matrix
   rows: 3
   cols: 3
   dt: d
   data: [ 2.3101787323112579e-09, -4.1234850425304063e-06,
       1.4529437784819069e-03, 4.7581382043683114e-06,
       -1.2138334489684451e-06, 1.4522210026009644e-01,
       -1.5580800246287442e-03, -1.4440665137568215e-01, 1. ]
R1: !!opencv-matrix
   rows: 3
   cols: 3
   dt: d
   data: [ 9.9897039362965623e-01, 7.7807636702530150e-03,
       -4.4694657042171113e-02, -7.5251891189832710e-03,
       9.9995437607782678e-01, 5.8836461083138164e-03,
       4.4738397156504829e-02, -5.5412525219494194e-03,
       9.9898336840027269e-01 ]
R2: !!opencv-matrix
   rows: 3
   cols: 3
   dt: d
   data: [ 9.9922907281284434e-01, 5.8154694566779812e-03,
       -3.8825769285125461e-02, -6.0372646048934544e-03,
       9.9996610759597804e-01, -5.5977759368991305e-03,
       3.8791899691479996e-02, 5.8278619019046093e-03,
       9.9923031606530954e-01 ]
P1: !!opencv-matrix
   rows: 3
   cols: 4
   dt: d
   data: [ 1.3989823929999666e+03, 0., 1.1858643188476562e+03, 0., 0.,
       1.3989823929999666e+03, 5.7186196517944336e+02, 0., 0., 0., 1.,
       0. ]
P2: !!opencv-matrix
   rows: 3
   cols: 4
   dt: d
   data: [ 1.3989823929999666e+03, 0., 1.1858643188476562e+03,
       -8.4005792653547280e+04, 0., 1.3989823929999666e+03,
       5.7186196517944336e+02, 0., 0., 0., 1., 0. ]
Q: !!opencv-matrix
   rows: 4
   cols: 4
   dt: d
   data: [ 1., 0., 0., -1.1858643188476562e+03, 0., 1., 0.,
       -5.7186196517944336e+02, 0., 0., 0., 1.3989823929999666e+03, 0.,
       0., 1.6653403876201532e-02, 0. ]
