%YAML:1.0
---
left_checkRange: 1
left_cameraMatrix: !!opencv-matrix
   rows: 3
   cols: 3
   dt: d
   data: [ 1.7167265906552927e+03, 0., 8.9821671521347832e+02, 0.,
       1.7136594370870989e+03, 5.4659037473749902e+02, 0., 0., 1. ]
left_distCoeffs: !!opencv-matrix
   rows: 1
   cols: 5
   dt: d
   data: [ -8.0387916215032315e-02, 4.6727976083546008e-01,
       -4.8559930388437418e-04, -8.6737307787176584e-04,
       -7.9772991792881709e-01 ]
left_rotationVectors: !!opencv-matrix
   rows: 10
   cols: 1
   dt: "3d"
   data: [ -7.2626303784604260e-02, 4.0447926449740712e-02,
       -9.0534228698410397e-03, -7.0331815905338657e-02,
       4.3212087513916177e-02, 1.4681990254690625e-02,
       -6.7856684365930162e-02, 5.9305579371825720e-02,
       3.1354939981925518e-02, -8.4434629765631194e-02,
       6.9260001955850137e-02, 3.4129081780101496e-02,
       -1.0572792488826337e-01, 4.8125536769347277e-02,
       2.5446761103456567e-03, -1.8938855571756369e-01,
       -4.0997658560778354e-02, 3.9929498081405059e-03,
       -1.9832698102747032e-01, -1.2626431833145884e-02,
       2.3236225111605845e-02, -1.9857830907171414e-01,
       3.8086785332264186e-02, 4.5037455547998567e-02,
       -2.2258460395908608e-01, 6.8986424309964434e-02,
       6.4842786776036498e-02, -1.8938051244789678e-01,
       1.1574343037847622e-01, 1.1206811715989252e-01 ]
left_translationVectors: !!opencv-matrix
   rows: 10
   cols: 1
   dt: "3d"
   data: [ -1.0079175271923515e+02, -7.9924630240064005e+01,
       3.9182223029023521e+02, -7.6790700600605660e+01,
       -8.0477758961668073e+01, 3.9138612694187594e+02,
       -5.9549812890849452e+01, -8.3048672149920165e+01,
       3.8923811176563754e+02, -5.5832176992081926e+01,
       -7.6388931448675464e+01, 3.9628403949042945e+02,
       -8.9037751950273886e+01, -6.7928594598583089e+01,
       4.0634942761555294e+02, -1.4249140304863880e+02,
       -4.6167414543280529e+01, 5.0266763443592953e+02,
       -1.1534078083385761e+02, -5.3414027441533776e+01,
       5.3989928171413146e+02, -8.1904297172352273e+01,
       -5.6753224769081356e+01, 5.5190775470171320e+02,
       -5.4139449990875974e+01, -5.1943531692992586e+01,
       5.8375819134552160e+02, -9.5340387074069817e+00,
       -7.0163439197602059e+01, 5.7432667899464946e+02 ]
left_rms: 4.0371971441890420e-01
right_checkRange: 1
right_cameraMatrix: !!opencv-matrix
   rows: 3
   cols: 3
   dt: d
   data: [ 1.7061615071074380e+03, 0., 9.3032136523488350e+02, 0.,
       1.7027479387594328e+03, 5.0675558126740140e+02, 0., 0., 1. ]
right_distCoeffs: !!opencv-matrix
   rows: 1
   cols: 5
   dt: d
   data: [ -7.7017635986839528e-02, 4.6305599577210860e-01,
       -1.5763290842974325e-03, -2.1103704597122555e-03,
       -7.9172912435249021e-01 ]
right_rotationVectors: !!opencv-matrix
   rows: 10
   cols: 1
   dt: "3d"
   data: [ -9.0509264603397865e-02, 2.7145901165027603e-02,
       -1.1340424487342069e-02, -8.1983824009479123e-02,
       3.4083648293551316e-02, 1.2786308936122846e-02,
       -8.2678485448233599e-02, 4.8386500710712585e-02,
       2.9331839699449257e-02, -9.9735652591277146e-02,
       5.6121376539901874e-02, 3.1787902188848582e-02,
       -1.1991832037654153e-01, 3.4596697311701327e-02,
       9.6627803341330518e-05, -2.0324040406423713e-01,
       -5.0676899466564410e-02, 1.6357205199788068e-03,
       -2.1199006119901712e-01, -2.3454353776281849e-02,
       2.0720185307142997e-02, -2.1195051099956289e-01,
       2.7410020870991137e-02, 4.2292091302804612e-02,
       -2.3638546703964969e-01, 5.6909844434320504e-02,
       6.1758679645504071e-02, -2.0300244511417539e-01,
       1.0467171235090937e-01, 1.0903660552753683e-01 ]
right_translationVectors: !!opencv-matrix
   rows: 10
   cols: 1
   dt: "3d"
   data: [ -1.6391876472280367e+02, -7.5089702761514332e+01,
       3.7850941870662615e+02, -1.3987060741549965e+02,
       -7.5728544705346167e+01, 3.7837302607819441e+02,
       -1.2261876312694883e+02, -7.8327140891912293e+01,
       3.7655267175849332e+02, -1.1899700547551826e+02,
       -7.1590322463347178e+01, 3.8313868687994193e+02,
       -1.5231675773841226e+02, -6.2969096941142240e+01,
       3.9227333817211547e+02, -2.0647378860629638e+02,
       -4.0040856574946275e+01, 4.8448109665807436e+02,
       -1.7962078253472569e+02, -4.6933843728119882e+01,
       5.2075326066602975e+02, -1.4631513954240185e+02,
       -5.0191427866066746e+01, 5.3295311923509848e+02,
       -1.1890379878724077e+02, -4.5066501513805562e+01,
       5.6404762932393601e+02, -7.4116683568585529e+01,
       -6.3428093901044285e+01, 5.5589032362479156e+02 ]
right_rms: 3.9334401517356005e-01
cameraRms: 4.1064448128538228e-01
cameraMatrixLeft: !!opencv-matrix
   rows: 3
   cols: 3
   dt: d
   data: [ 1.7167265906552927e+03, 0., 8.9821671521347832e+02, 0.,
       1.7136594370870989e+03, 5.4659037473749902e+02, 0., 0., 1. ]
distCoeffsLeft: !!opencv-matrix
   rows: 1
   cols: 5
   dt: d
   data: [ -8.0387916215032315e-02, 4.6727976083546008e-01,
       -4.8559930388437418e-04, -8.6737307787176584e-04,
       -7.9772991792881709e-01 ]
cameraMatrixRight: !!opencv-matrix
   rows: 3
   cols: 3
   dt: d
   data: [ 1.7061615071074380e+03, 0., 9.3032136523488350e+02, 0.,
       1.7027479387594328e+03, 5.0675558126740140e+02, 0., 0., 1. ]
distCoeffsRight: !!opencv-matrix
   rows: 1
   cols: 5
   dt: d
   data: [ -7.7017635986839528e-02, 4.6305599577210860e-01,
       -1.5763290842974325e-03, -2.1103704597122555e-03,
       -7.9172912435249021e-01 ]
rotationMatrix: !!opencv-matrix
   rows: 3
   cols: 3
   dt: d
   data: [ 9.9993099464694435e-01, 1.6449112421604304e-03,
       -1.1631861905044397e-02, -1.4386554897136269e-03,
       9.9984198617851161e-01, 1.7718152979105901e-02,
       1.1659168699119406e-02, -1.7700196089718803e-02,
       9.9977535818984409e-01 ]
translationVector: !!opencv-matrix
   rows: 3
   cols: 1
   dt: d
   data: [ -5.9746394282720409e+01, 2.2157793592672739e-01,
       1.0905089007304211e-01 ]
essentialMatrix: !!opencv-matrix
   rows: 3
   cols: 3
   dt: d
   data: [ 2.7403011966341249e-03, -1.1295563144022318e-01,
       2.1959597990528837e-01, 8.0563665508421201e-01,
       -1.0573435154227568e+00, 5.9731704279664498e+01,
       -1.3560816773759887e-01, -5.9737318002677469e+01,
       -1.0560183898993141e+00 ]
fundamentalMatrix: !!opencv-matrix
   rows: 3
   cols: 3
   dt: d
   data: [ 5.2412867662834755e-09, -2.1643332245359066e-07,
       8.3464216050575433e-04, 1.5440046911554667e-06,
       -2.0300284346216312e-06, 1.9624667221379902e-01,
       -1.2298420220739068e-03, -1.9406086046174448e-01,
       9.9999999999999989e-01 ]
R1: !!opencv-matrix
   rows: 3
   cols: 3
   dt: d
   data: [ 9.9990650753750532e-01, -2.0308196120097455e-03,
       -1.3522276282209453e-02, 2.1503294118051771e-03,
       9.9995870867090186e-01, 8.8293282101863779e-03,
       1.3503787156559217e-02, -8.8575800829540207e-03,
       9.9986958699997686e-01 ]
R2: !!opencv-matrix
   rows: 3
   cols: 3
   dt: d
   data: [ 9.9999145736827588e-01, -3.7086094605048585e-03,
       -1.8252140535082815e-03, 3.6923228226983279e-03,
       9.9995404717873193e-01, -8.8470493978070486e-03,
       1.8579404308673711e-03, 8.8402345412161229e-03,
       9.9995919832291735e-01 ]
P1: !!opencv-matrix
   rows: 3
   cols: 4
   dt: d
   data: [ 1.7082036879232660e+03, 0., 9.2441084289550781e+02, 0., 0.,
       1.7082036879232660e+03, 5.2482984161376953e+02, 0., 0., 0., 1.,
       0. ]
P2: !!opencv-matrix
   rows: 3
   cols: 4
   dt: d
   data: [ 1.7082036879232660e+03, 0., 9.2441084289550781e+02,
       -1.0205988291385408e+05, 0., 1.7082036879232660e+03,
       5.2482984161376953e+02, 0., 0., 0., 1., 0. ]
Q: !!opencv-matrix
   rows: 4
   cols: 4
   dt: d
   data: [ 1., 0., 0., -9.2441084289550781e+02, 0., 1., 0.,
       -5.2482984161376953e+02, 0., 0., 0., 1.7082036879232660e+03, 0.,
       0., 1.6737268740207291e-02, 0. ]
