%YAML:1.0
---
left_checkRange: 1
left_cameraMatrix: !!opencv-matrix
   rows: 3
   cols: 3
   dt: d
   data: [ 7.4202439615812318e+03, 0., 9.4533888932526133e+02, 0.,
       7.4092673021655410e+03, 5.6743101541001442e+02, 0., 0., 1. ]
left_distCoeffs: !!opencv-matrix
   rows: 1
   cols: 5
   dt: d
   data: [ 3.7530660985771451e+00, 5.2002888966710991e+01,
       -1.5510334290028524e-01, -2.0056494663924774e-02,
       -6.4436588596251965e-01 ]
left_rotationVectors: !!opencv-matrix
   rows: 122
   cols: 1
   dt: "3d"
   data: [ 8.7363509030512765e-02, -8.2775758791758372e-02,
       -1.5268464969372730e+00, 1.3534291445588373e-01,
       -5.0076283711134033e-02, -1.5531873018403322e+00,
       8.1118304613892980e-02, -5.8627585661198522e-02,
       -1.5452660678273673e+00, 4.5294893460533656e-02,
       -2.5377949370166984e-02, -1.5475214944120794e+00,
       1.9657931543109786e-02, -6.6434325885254830e-02,
       -1.5534288731724999e+00, -4.7695756427350355e-01,
       4.3822622173433645e-01, -1.5215114100271629e+00,
       6.3581808944529791e-02, -8.5066209524538458e-02,
       -1.5645671524093008e+00, 1.0841916531054996e-01,
       -8.4304159146095778e-02, -1.5580114579103295e+00,
       1.5551386464183289e-01, -7.8592623946234341e-02,
       -1.5541837870637010e+00, 1.6728578224885943e-01,
       -7.5063475160191892e-02, -1.5492954625524380e+00,
       7.3070841525388897e-01, -5.3975420905931848e-01,
       -1.4790103944146900e+00, 7.0369827913671923e-01,
       -5.4690343001954678e-01, -1.4726215507349831e+00,
       -4.9625250643294672e-01, 4.7018718922240099e-01,
       -1.4899116996754032e+00, 1.8813499146360976e-02,
       1.6716998394614438e-01, -1.5434631657627453e+00,
       3.0239055202190019e-02, 1.3807666245064859e-01,
       -1.5338527989998625e+00, 8.7663053058800608e-02,
       6.6720133526104605e-02, -1.5334708634421135e+00,
       1.5233683747097859e-01, 3.7141064210766100e-02,
       -1.5357659607129830e+00, 1.6606049999542452e-01,
       -7.0169245734479089e-03, -1.5575715937287309e+00,
       1.9304404909250805e-01, -6.5728345102949387e-03,
       -1.5565278125441369e+00, 1.8580182931392814e-01,
       -4.5249959612803994e-02, -1.5625847908328740e+00,
       1.7319540872762823e-01, -6.2667869889684188e-02,
       -1.5629486353407100e+00, 6.0830590931964863e-02,
       -8.2636906603375623e-02, -1.5573132442466571e+00,
       2.0264318369445389e-01, -1.0595426236209854e-01,
       -1.5638582991976571e+00, 1.0886728601340845e-01,
       -8.0399445292285543e-02, -1.5621058537713770e+00,
       -5.0402919011721758e-01, 4.6020093791240990e-01,
       -1.5094479787037673e+00, -7.6354585181966028e-02,
       2.0056029557453900e-01, -1.5512505222795210e+00,
       -4.9501433627015375e-02, 2.3142682684702282e-01,
       -1.5486726240897419e+00, -4.3042325292944276e-03,
       2.4701377959247239e-01, -1.5444357710580892e+00,
       -4.5148615901336603e-01, 4.8263088076153288e-01,
       -1.5312737327605435e+00, 7.9798293652697458e-02,
       2.3695166253273725e-01, -1.5489222618357064e+00,
       -4.8338469580206350e-01, 4.6759092555250875e-01,
       -1.5211899142071634e+00, 1.7421377486483366e-01,
       9.4766360518371062e-02, -1.5410815696303193e+00,
       2.1947687973452315e-01, 6.6374805680042670e-02,
       -1.5495403769311618e+00, 2.4848342162305320e-01,
       3.8634752964397681e-02, -1.5444973165927585e+00,
       2.6608258494086590e-01, 1.1078120307455676e-02,
       -1.5494152890514594e+00, 2.8343653974994426e-01,
       -9.8758296318691638e-03, -1.5530042040132193e+00,
       2.8880784684278832e-01, -4.4548723594569323e-02,
       -1.5377566862116518e+00, 2.8464924013306114e-01,
       -6.4623640654583855e-02, -1.5415403026294552e+00,
       2.6881230992834892e-01, -9.0270497434482760e-02,
       -1.5488746439381686e+00, 3.1559136783481706e-01,
       -9.7060522339009483e-02, -1.5295501641415259e+00,
       2.8416968922594688e-01, -9.4604009136468492e-02,
       -1.5298263711635780e+00, 2.4631508297219026e-01,
       -1.0622226293772299e-01, -1.5279728107231143e+00,
       2.1850577670050378e-01, -1.0540482002468320e-01,
       -1.5275885435175776e+00, 1.6328106361818884e-01,
       -1.0399175928573502e-01, -1.5276382229656720e+00,
       7.4045883107282190e-02, -1.0761377135890567e-01,
       -1.5316559771849274e+00, -6.8319314000685374e-02,
       1.4884064768999183e-01, -1.5313133107512131e+00,
       -3.4849045334337268e-02, 1.8204195264341447e-01,
       -1.5239682610021217e+00, -4.0844024870372780e-02,
       2.4441113640096507e-01, -1.5207069419594392e+00,
       -2.9866920716021643e-02, 2.8761289204369977e-01,
       -1.5219861380677064e+00, 2.5483820562081618e-02,
       2.9711481158762831e-01, -1.5279394507544146e+00,
       1.1410732157905279e-02, 2.4866779028430494e-01,
       -1.5308218104356808e+00, 2.1691016163223342e-02,
       1.9101251250819593e-01, -1.5385569514106681e+00,
       4.5513866012840964e-02, 1.0355536440609685e-01,
       -1.5501673886317258e+00, 1.4253381907239301e-01,
       -1.2230029434660707e-02, -1.5550579101657873e+00,
       1.9339688075557415e-01, -2.1909275501142793e-02,
       -1.5580924470706985e+00, 2.2583965883367405e-01,
       -1.5146808913628592e-02, -1.5540261838355782e+00,
       2.5982971547465966e-01, -4.0482954390756977e-02,
       -1.5441882416191111e+00, 2.7630313950272023e-01,
       -4.6048610295086466e-02, -1.5447825165143212e+00,
       3.0678785824872329e-01, -2.9740165617223112e-02,
       -1.5435775606798550e+00, 3.1259694492257079e-01,
       -7.9015275594378036e-03, -1.5323449847431359e+00,
       2.5217910688753437e-01, 2.8045964919816490e-02,
       -1.5489563773048023e+00, 1.9791752939893667e-01,
       3.9785138055711482e-02, -1.5460331384432318e+00,
       1.4995611094537770e-01, 8.0803083114629595e-02,
       -1.5403328992670073e+00, 1.1153246188668792e-01,
       1.5733939445830897e-01, -1.5371159062862256e+00,
       7.1092839859311793e-02, 1.9937663796614580e-01,
       -1.5339484436390476e+00, 5.9460898205992298e-02,
       2.2440598687077862e-01, -1.5305252234365434e+00,
       6.4791787720738375e-02, 2.8566708508409899e-01,
       -1.5308598257507711e+00, 6.8264187710468507e-02,
       2.9753394522581433e-01, -1.5264073287571127e+00,
       1.4429458466158107e-01, 2.8484189277394178e-01,
       -1.5431875653683116e+00, 1.6020409033377969e-01,
       2.3607398146214809e-01, -1.5442007752436522e+00,
       1.5987258667166124e-01, 1.8470165314508083e-01,
       -1.5389397997635126e+00, -1.5513828415989850e-01,
       -5.5501643870804168e-02, -1.5364561185181516e+00,
       2.4934477544179304e-01, 8.4758436368873868e-02,
       -1.5280002141885858e+00, 2.8098238263647590e-01,
       6.9096179723270632e-02, -1.5295852397555887e+00,
       2.9457049749466580e-01, 3.8915911694215932e-02,
       -1.5300004198815711e+00, 3.1372650917219430e-01,
       3.6440520031445246e-02, -1.5278519165522666e+00,
       2.2079148680385260e-01, -4.3173281437602712e-02,
       -1.5173994874549701e+00, 1.5890661892959870e-01,
       -4.9517085426161759e-03, -1.5332388862015700e+00,
       1.0979743354279581e-01, 8.8481374904987489e-02,
       -1.5346032742060256e+00, 6.8616818655694661e-02,
       1.0413984464495983e-01, -1.5256218990133408e+00,
       5.7982075768622278e-02, 1.6923680484130990e-01,
       -1.5188817398993606e+00, 6.9645261562734845e-02,
       1.8562216891322866e-01, -1.5245387038229767e+00,
       4.4843517437385218e-02, 1.8079423440429973e-01,
       -1.5213783346492453e+00, 4.7407968585289090e-02,
       2.0547018856548047e-01, -1.5210103567342617e+00,
       6.0554336204550210e-02, 2.2823680204225208e-01,
       -1.5161957456614894e+00, 3.7764496793271728e-02,
       2.5246697262200357e-01, -1.5192697303492175e+00,
       4.4675375814080348e-02, 2.4895279791438793e-01,
       -1.5189701408964942e+00, 5.4232416440948103e-02,
       2.7647959732695121e-01, -1.5281785949630684e+00,
       6.8595442135414866e-02, 2.7704603924548099e-01,
