%YAML:1.0
---
left_checkRange: 1
left_cameraMatrix: !!opencv-matrix
   rows: 3
   cols: 3
   dt: d
   data: [ 1.5619424289454123e+03, 0., 9.0479866222295595e+02, 0.,
       1.5602140057615063e+03, 5.8259307789552190e+02, 0., 0., 1. ]
left_distCoeffs: !!opencv-matrix
   rows: 1
   cols: 5
   dt: d
   data: [ -5.8925081591616517e-02, 2.4517949268982667e-01,
       -8.1169168924896977e-04, -6.7815864913933765e-04,
       -2.9372289366908882e-01 ]
left_rotationVectors: !!opencv-matrix
   rows: 21
   cols: 1
   dt: "3d"
   data: [ -3.9094154906781205e-02, -1.8910984718152371e-01,
       -6.8209089692504818e-02, -3.6926592911168128e-02,
       -7.3582394439813802e-03, -2.2888352850582828e-04,
       -1.1157071010441126e-02, 2.1449950574949342e-01,
       4.3372406296155276e-02, -1.4221168634904799e-01,
       2.5102670002449173e-01, 5.3719593052329179e-02,
       -1.2439597997891788e-01, 1.1911618147920976e-02,
       -1.8413674032982930e-02, -1.1918487019677013e-01,
       -2.2773208627313735e-01, -6.5127830655382787e-02,
       -2.2025838870764194e-01, -2.0167228917506036e-01,
       -5.0332865899630555e-02, -2.2882267112097504e-01,
       -1.6681359185782060e-02, 9.6306373607683859e-04,
       -1.9548152921688977e-01, 2.2469285982140266e-01,
       -1.5555372672933507e-02, -7.3642284787572065e-02,
       2.0547887869742348e-01, 2.7073300751917044e-02,
       3.3976899388772339e-03, 2.0669778045677886e-01,
       -9.1078289302733964e-04, -9.1637856819322804e-03,
       -2.3365456220763126e-01, -4.1679569965413270e-02,
       -1.4899404370734382e-01, -2.2944211072048631e-01,
       -2.2426382569202978e-02, -8.2615824509540844e-02,
       9.1115503314222381e-03, -5.7341031539485422e-03,
       -5.6585046669790272e-02, 2.0028461200587107e-02,
       -9.9663343922647141e-03, -1.0647892469597216e-02,
       5.2731026356113514e-02, 5.3661487985469528e-03,
       -3.2953135487445460e-02, -6.9174273182549524e-04,
       -3.7822103151507414e-02, -3.9173004674250800e-01,
       1.1273711180877354e-01, -9.2770354831548330e-02,
       -1.7037367759826064e-01, -3.4511598836124674e-01,
       2.2556433152507091e-01, -5.1230538128025516e-01,
       1.7594293497010402e-01, -1.0201272808094884e-01,
       -2.4993957650459189e-01, 1.0989298992644157e-01,
       -3.4019251255710328e-02 ]
left_translationVectors: !!opencv-matrix
   rows: 21
   cols: 1
   dt: "3d"
   data: [ -2.6951705835976622e+02, -1.9693255551241865e+02,
       6.6886332882654517e+02, -1.0122576114112631e+02,
       -1.9552565617874336e+02, 6.9860649335539756e+02,
       8.3060333727481009e+01, -1.9834546363410601e+02,
       6.8138524871761422e+02, 1.2987837999586282e+02,
       -9.3161565649165198e+01, 7.2785714868451930e+02,
       -7.7266475011392345e+01, -1.1200254113491899e+02,
       7.2815668818237941e+02, -2.6254186160584896e+02,
       -1.1237481547444258e+02, 6.8459047032283195e+02,
       -2.6548065442566605e+02, 1.2586214677226492e+01,
       7.1051517185213379e+02, -9.6163246963397469e+01,
       2.9514633905162277e+01, 7.4415453991754896e+02,
       1.2360834178401429e+02, 1.9453965799526010e+01,
       7.0563155230177074e+02, 1.2048212560076887e+02,
       -8.8225978391805938e+01, 6.7145878904455265e+02,
       9.8289696284530024e+01, -1.5160439754278366e+02,
       6.3130086576037797e+02, -2.3519284073659998e+02,
       -1.6319455437341364e+02, 6.0568352339034709e+02,
       -2.5400714321079360e+02, 3.9712827232694621e+00,
       6.4896966427320149e+02, -6.7636075980170745e+01,
       -6.1976115098436630e+01, 6.9311026634617576e+02,
       -6.0486441750847050e+01, -8.9485099262142882e+01,
       4.2531812837593895e+02, -4.8300588830091151e+01,
       -8.1415487602705113e+01, 3.5659149001306491e+02,
       -1.0948190304388946e+02, -7.6545703582008230e+01,
       3.6983059148553269e+02, -7.8038303412433322e+01,
       -4.1807750166081767e+01, 4.2878673780505136e+02,
       -7.3768294905150540e+01, -9.5681593705354985e+01,
       3.9512833854469380e+02, -2.1856770888088576e+01,
       1.2757330627725114e+00, 6.5815596681310660e+02,
       -5.7823444725156762e+01, -1.1716468525483106e+02,
       6.0683141964560218e+02 ]
left_rms: 3.2398272796799710e-01
right_checkRange: 1
right_cameraMatrix: !!opencv-matrix
   rows: 3
   cols: 3
   dt: d
   data: [ 1.5532847060702936e+03, 0., 9.3611237458562880e+02, 0.,
       1.5511739673626989e+03, 5.5084244527497196e+02, 0., 0., 1. ]
right_distCoeffs: !!opencv-matrix
   rows: 1
   cols: 5
   dt: d
   data: [ -6.3894402207370776e-02, 2.8920905567010724e-01,
       -8.5797086880557262e-04, -1.5648141425581581e-03,
       -3.9832677502311703e-01 ]
right_rotationVectors: !!opencv-matrix
   rows: 21
   cols: 1
   dt: "3d"
   data: [ -5.6038221617036428e-02, -1.9789089776941704e-01,
       -6.8514365646904968e-02, -5.4687341998193292e-02,
       -1.6439547267066545e-02, -1.8270632266681151e-03,
       -3.0008108912250447e-02, 2.0244055003913780e-01,
       3.9963964494139241e-02, -1.6003936584042716e-01,
       2.4046332892382874e-01, 4.9583159280255307e-02,
       -1.4042216801966631e-01, 5.4955742834295491e-05,
       -2.0832449045027901e-02, -1.3470600120899343e-01,
       -2.3571788568335267e-01, -6.5647063802400402e-02,
       -2.3677161143644279e-01, -2.1388233708646331e-01,
       -5.1720792334979525e-02, -2.4123957393134135e-01,
       -2.3908371465931468e-02, -1.6536374844863797e-03,
       -2.0872284810407993e-01, 2.1522837720430479e-01,
       -2.0325771002001648e-02, -9.2090451222878289e-02,
       1.9572074552295995e-01, 2.3758627054580841e-02,
       -1.3898125825504553e-02, 1.9557808123563430e-01,
       -4.1599588734841861e-03, -2.5137928707504226e-02,
       -2.4104959423400998e-01, -4.1364122128448248e-02,
       -1.6716247652518776e-01, -2.3946913764392042e-01,
       -2.3349656144532254e-02, -9.7365151862130586e-02,
       -4.6737945624820184e-05, -7.7627095589388045e-03,
       -6.9174178626011273e-02, 9.6603738804376046e-03,
       -1.2190982606558634e-02, -2.3957178081037443e-02,
       4.3093820495772248e-02, 2.9991145192000213e-03,
       -4.3670822127784351e-02, -1.1231196577438186e-02,
       -3.9610608055641039e-02, -4.0665366680481763e-01,
       1.0491357770493363e-01, -9.7189765431076436e-02,
       -1.8822362057345063e-01, -3.5307788062812212e-01,
       2.2558404383373976e-01, -5.2714965372122469e-01,
       1.6737309356635877e-01, -1.0728390662905908e-01,
       -2.6573138469716939e-01, 1.0111722837971766e-01,
       -3.7555244652490376e-02 ]
